0.3039325
0.1783882
-0.372121
0.3583666
-0.06354719
-0.3237239
-0.1710716
0.2928405
0.3367742
0.4858799
-0.00882262
-0.3494742
-0.3574226
0.4688847
-0.3733319
0.497178
0.4314914
-0.2012301
0.07330936
0.02772623
-0.2127705
-0.03094703
-0.2917361
0.4828993
0.4129478
-0.01674873
-0.3349818
-0.25062
0.006505072
-0.2024449
0.4758965
0.1731273
0.2405597
-0.257217
-0.4590548
-0.3528548
-0.07144731
0.01397437
-0.03900689
-0.2439908
0.3431876
-0.4774033
-0.337577
0.08469373
0.3017851
0.02727324
-0.3488204
0.2465771
0.0774954
-0.04580337
-0.1413595
-0.2509493
0.2183577
0.3519171
-0.2535061
0.2837759
-0.1069116
-0.09289974
-0.49517
-0.4062076
0.2594618
0.1580876
-0.25805
-0.03242379
0.4681804
-0.1848918
0.4941146
-0.8348029
-0.4292828
0.2728767
-0.0004894137
0.2512931
0.448113
-0.04025823
-0.466115
0.07569069
-0.2439683
0.0264253
0.2527474
-0.1449015
-0.2452788
0.3639596
0.1275997
-0.4888364
0.4469823
0.1963665
-0.19201
-0.2144548
0.08841866
0.2106038
-0.07813078
-0.1338181
0.3179086
-0.02065706
-0.4931408
0.1447134
-0.4723605
-0.3847414
-0.1627151
0.2727755
-0.2449411
-0.4320024
0.3664467
-0.4307452
0.1158726
0.1245936
-0.1716072
-0.3042042
0.2021704
-0.4128524
0.425705
0.07205385
0.2791442
-0.0192073
-0.1008711
-0.1953299
-0.2168451
0.05638021
-0.1553858
0.4024539
0.1423149
0.0810445
0.1602442
0.07603985
-0.1826188
-0.1155484
0.4608154
0.4820138
-0.05083972
0.1672685
0.1784626
-0.1127563
0.01574343
0.4142345
-0.4036465
-0.3712983
0.1188359
-0.4384048
0.3323413
-0.0128184
-0.06611317
-0.02692151
